485.966 -1245.774 0.546074 10.42 10.42
-937.668 -578.083 0.404656 7.59 7.59
1206.982 -584.199 0.57696 12.41 12.41
-471.121 -473.771 0.435833 10.65 10.65
644.628 -373.122 0.57696 10.62 10.62
1074.282 -357.018 0.57696 6.85 6.85
1207.232 -362.575 0.57696 7.53 7.53
1249.791 -230.995 0.57696 10.52 10.52
472.258 223.945 0.546074 10.8 10.8
1289.489 -40.024 0.579066 7.08 7.08
1226.903 56.205 0.579066 7.33 7.33
645.09 202.335 0.579066 9.92 9.92
-958.498 542.848 0.404656 7.99 7.99
-496.862 743.895 0.435833 8.75 8.75
1290.33 1082.507 0.57696 7.95 7.95
