1328.248 -1170.897 0.0 1 1
1259.986 -1168.636 0.0 1 1
1459.653 -1196.341 0.0 1 1
1162.892 -1230.835 0.0 1 1
791.758 -1239.437 0.0 1 1
958.086 -1242.987 0.0 1 1
1304.339 -1249.81 0.0 1 1
1304.406 -1260.576 0.0 1 1
820.186 -1245.244 0.0 1 1
673.108 -1248.481 0.0 1 1
1355.928 -1255.711 0.0 1 1
1438.394 -1262.871 0.0 1 1
1011.382 -1237.023 0.0 1 1
1287.321 -1230.889 0.0 1 1
1460.37 -1188.158 0.0 1 1
1037.932 -1220.095 0.0 1 1
1235.515 -1195.704 0.0 1 1
959.659 -1187.852 0.0 1 1
-484.574 -1209.19 0.0 1 1
933.476 -1173.305 0.0 1 1
905.853 -1195.85 0.0 1 1
1388.516 -1180.752 0.0 1 1
1419.751 -1185.265 0.0 1 1
1419.76 -1152.37 0.0 1 1
1354.104 -1125.083 0.0 1 1
961.042 -1140.912 0.0 1 1
1417.086 -1158.999 0.0 1 1
794.582 -1153.37 0.0 1 1
583.438 -1161.743 0.0 1 1
1064.919 -1156.066 0.0 1 1
1091.447 -1126.403 0.0 1 1
851.352 -1139.405 0.0 1 1
822.914 -1157.395 0.0 1 1
1387.11 -1128.072 0.0 1 1
1116.033 -1141.604 0.0 1 1
879.79 -1149.338 0.0 1 1
387.833 -1143.119 0.0 1 1
-92.96 -1124.863 0.0 1 1
1287.135 -1129.025 0.0 1 1
1214.758 -1095.56 0.0 1 1
881.035 -1104.802 0.0 1 1
-216.387 -1120.783 0.0 1 1
851.989 -1126.519 0.0 1 1
1399.428 -1072.665 0.0 1 1
852.038 -1118.83 0.0 1 1
1284.948 -1109.257 0.0 1 1
1283.659 -1114.333 0.0 1 1
1190.738 -1095.163 0.0 1 1
1353.845 -1100.696 0.0 1 1
1352.103 -1107.622 0.0 1 1
908.432 -1104.215 0.0 1 1
1464.124 -1024.797 0.0 1 1
1249.797 -1113.124 0.0 1 1
26.655 -1108.269 0.0 1 1
678.69 -1085.605 0.0 1 1
962.617 -1088.05 0.0 1 1
909.195 -1087.617 0.0 1 1
1357.509 -1085.827 0.0 1 1
1462.578 -1033.381 0.0 1 1
1374.765 -1072.547 0.0 1 1
-343.262 -1083.448 0.0 1 1
1376.765 -1065.206 0.0 1 1
1067.446 -1063.378 0.0 1 1
1357.313 -1042.755 0.0 1 1
768.0 -1070.512 0.0 1 1
1328.87 -1061.457 0.0 1 1
1287.745 -943.561 0.0 1 1
853.928 -1052.726 0.0 1 1
882.252 -1055.775 0.0 1 1
938.239 -1008.531 0.0 1 1
1329.581 -1038.419 0.0 1 1
1328.584 -1047.675 0.0 1 1
1357.773 -1025.134 0.0 1 1
1017.059 -1030.657 0.0 1 1
1359.845 -966.304 0.0 1 1
964.735 -1005.618 0.0 1 1
-384.403 -1021.844 0.0 1 1
1376.424 -1001.853 0.0 1 1
1333.19 -982.163 0.0 1 1
1044.038 -1000.166 0.0 1 1
323.613 -1021.782 0.0 1 1
1422.031 -970.134 0.0 1 1
1358.896 -1009.817 0.0 1 1
-661.349 -1000.825 0.0 1 1
1331.387 -989.129 0.0 1 1
1378.523 -994.331 0.0 1 1
1145.21 -964.506 0.0 1 1
1119.816 -990.124 0.0 1 1
1358.177 -993.232 0.0 1 1
1018.186 -983.745 0.0 1 1
1217.906 -965.189 0.0 1 1
884.57 -976.441 0.0 1 1
1241.365 -943.038 0.0 1 1
992.22 -971.812 0.0 1 1
1169.448 -968.994 0.0 1 1
1018.633 -961.622 0.0 1 1
1288.2 -962.777 0.0 1 1
939.417 -963.914 0.0 1 1
1286.482 -968.988 0.0 1 1
1194.222 -937.958 0.0 1 1
1358.116 -951.107 0.0 1 1
1329.048 -953.171 0.0 1 1
771.292 -956.867 0.0 1 1
1170.507 -924.582 0.0 1 1
1045.393 -939.655 0.0 1 1
712.761 -944.406 0.0 1 1
-756.117 -943.598 0.0 1 1
913.156 -936.885 0.0 1 1
1219.236 -923.981 0.0 1 1
1357.901 -931.546 0.0 1 1
-610.219 -942.112 0.0 1 1
940.001 -935.784 0.0 1 1
1358.726 -907.592 0.0 1 1
-609.658 -930.414 0.0 1 1
967.244 -912.319 0.0 1 1
-804.958 -915.227 0.0 1 1
-856.196 -926.408 0.0 1 1
993.37 -938.261 0.0 1 1
-803.728 -900.826 0.0 1 1
-855.976 -920.158 0.0 1 1
994.752 -874.246 0.0 1 1
-804.198 -909.546 0.0 1 1
1424.904 -819.284 0.0 1 1
1359.557 -894.862 0.0 1 1
1195.0 -887.964 0.0 1 1
1330.69 -892.927 0.0 1 1
-334.217 -895.424 0.0 1 1
1358.591 -885.611 0.0 1 1
-703.528 -881.586 0.0 1 1
684.772 -876.059 0.0 1 1
1361.225 -865.95 0.0 1 1
1457.876 -877.103 0.0 1 1
1387.728 -56.942 0.0 1 1
1226.05 -480.406 0.0 1 1
1359.384 -704.585 0.0 1 1
1363.313 -481.106 0.0 1 1
-851.901 -862.772 0.0 1 1
887.696 -852.116 0.0 1 1
1360.838 -875.504 0.0 1 1
1050.018 -726.318 0.0 1 1
1220.132 -863.841 0.0 1 1
1408.74 -348.052 0.0 1 1
1047.592 -848.829 0.0 1 1
941.985 -861.757 0.0 1 1
329.522 -855.01 0.0 1 1
802.964 -857.523 0.0 1 1
1196.445 -824.198 0.0 1 1
529.92 -858.445 0.0 1 1
-1.512 -841.366 0.0 1 1
1331.594 -854.254 0.0 1 1
1290.676 -840.802 0.0 1 1
1049.109 -767.049 0.0 1 1
1289.127 -846.873 0.0 1 1
1331.39 -844.976 0.0 1 1
997.288 -764.967 0.0 1 1
-80.125 -829.824 0.0 1 1
364.65 -829.581 0.0 1 1
1268.925 -799.802 0.0 1 1
-749.044 -814.457 0.0 1 1
1245.017 -809.345 0.0 1 1
889.251 -795.703 0.0 1 1
745.986 -814.379 0.0 1 1
1221.291 -792.168 0.0 1 1
563.195 -802.326 0.0 1 1
466.532 -806.615 0.0 1 1
1098.981 -809.555 0.0 1 1
1223.082 -766.791 0.0 1 1
860.683 -803.614 0.0 1 1
1266.992 -805.508 0.0 1 1
296.242 -807.535 0.0 1 1
-748.605 -810.196 0.0 1 1
1220.472 -718.002 0.0 1 1
861.006 -794.102 0.0 1 1
1455.11 -792.992 0.0 1 1
-650.378 -794.168 0.0 1 1
1269.286 -771.923 0.0 1 1
776.569 -755.924 0.0 1 1
1334.676 -797.133 0.0 1 1
1375.961 -792.225 0.0 1 1
1100.116 -750.543 0.0 1 1
1267.555 -777.826 0.0 1 1
1336.551 -790.145 0.0 1 1
1296.786 -792.208 0.0 1 1
-38.842 -791.417 0.0 1 1
716.828 -786.549 0.0 1 1
1099.769 -764.343 0.0 1 1
970.866 -755.267 0.0 1 1
997.717 -745.287 0.0 1 1
1318.696 -762.611 0.0 1 1
1422.926 -762.814 0.0 1 1
1223.169 -742.736 0.0 1 1
1198.5 -713.148 0.0 1 1
-897.627 -748.312 0.0 1 1
1051.571 -661.694 0.0 1 1
1052.403 -595.269 0.0 1 1
1174.634 -730.365 0.0 1 1
999.061 -666.763 0.0 1 1
-198.984 -726.982 0.0 1 1
1024.503 -710.325 0.0 1 1
-796.785 -741.497 0.0 1 1
-505.47 -716.222 0.0 1 1
1454.515 -713.42 0.0 1 1
719.403 -692.071 0.0 1 1
1266.002 -708.743 0.0 1 1
1053.479 -526.433 0.0 1 1
1125.848 -708.693 0.0 1 1
659.467 -697.629 0.0 1 1
-551.421 -705.83 0.0 1 1
891.402 -693.244 0.0 1 1
1274.083 -307.055 0.0 1 1
863.459 -693.32 0.0 1 1
403.831 -664.462 0.0 1 1
436.983 -685.18 0.0 1 1
334.615 -699.582 0.0 1 1
1076.342 -671.44 0.0 1 1
403.487 -679.818 0.0 1 1
1150.597 -679.56 0.0 1 1
1175.391 -675.582 0.0 1 1
919.137 -691.089 0.0 1 1
778.608 -675.844 0.0 1 1
228.902 -687.581 0.0 1 1
1051.604 -633.524 0.0 1 1
835.984 -663.829 0.0 1 1
1470.975 -684.815 0.0 1 1
1424.328 -657.971 0.0 1 1
999.666 -647.057 0.0 1 1
194.472 -623.062 0.0 1 1
1025.695 -659.816 0.0 1 1
999.965 -624.481 0.0 1 1
-596.334 -661.787 0.0 1 1
1224.572 -667.422 0.0 1 1
1318.632 -657.681 0.0 1 1
193.736 -659.305 0.0 1 1
-280.514 -649.767 0.0 1 1
1461.122 -650.304 0.0 1 1
1199.995 -634.608 0.0 1 1
690.679 -653.671 0.0 1 1
1102.243 -638.278 0.0 1 1
720.573 -644.629 0.0 1 1
750.034 -645.128 0.0 1 1
1406.961 -629.636 0.0 1 1
892.541 -643.7 0.0 1 1
1266.056 -656.697 0.0 1 1
973.587 -623.248 0.0 1 1
864.379 -642.351 0.0 1 1
1382.207 -626.838 0.0 1 1
1376.313 -634.81 0.0 1 1
1297.202 -634.552 0.0 1 1
1225.22 -641.994 0.0 1 1
-788.678 -622.253 0.0 1 1
267.034 -607.032 0.0 1 1
1406.657 -621.593 0.0 1 1
1455.056 -633.812 0.0 1 1
1151.851 -616.484 0.0 1 1
405.316 -617.93 0.0 1 1
1247.68 -601.46 0.0 1 1
1318.024 -608.256 0.0 1 1
1384.509 -619.216 0.0 1 1
1316.102 -615.385 0.0 1 1
1001.061 -597.46 0.0 1 1
1276.667 -51.078 0.0 1 1
1427.836 -592.096 0.0 1 1
1001.145 -560.013 0.0 1 1
1338.452 -585.612 0.0 1 1
1424.942 -602.568 0.0 1 1
1391.087 -554.077 0.0 1 1
-941.469 -603.707 0.0 1 1
1026.802 -581.376 0.0 1 1
1262.124 -600.834 0.0 1 1
-786.595 -581.05 0.0 1 1
837.568 -582.794 0.0 1 1
-592.419 -574.127 0.0 1 1
405.813 -599.653 0.0 1 1
569.073 -585.794 0.0 1 1
1429.055 -583.115 0.0 1 1
1340.26 -578.23 0.0 1 1
1128.227 -564.186 0.0 1 1
921.219 -586.862 0.0 1 1
303.227 -582.749 0.0 1 1
947.851 -578.105 0.0 1 1
1408.135 -553.664 0.0 1 1
473.088 -579.726 0.0 1 1
894.263 -563.495 0.0 1 1
1458.812 -566.221 0.0 1 1
1389.439 -564.117 0.0 1 1
1380.012 -565.265 0.0 1 1
1128.927 -547.537 0.0 1 1
406.852 -557.46 0.0 1 1
1300.388 -565.57 0.0 1 1
839.013 -505.894 0.0 1 1
781.357 -549.873 0.0 1 1
975.323 -529.293 0.0 1 1
1457.345 -551.383 0.0 1 1
1252.824 -120.825 0.0 1 1
160.529 -550.057 0.0 1 1
1201.413 -524.988 0.0 1 1
1321.269 -536.789 0.0 1 1
1211.933 -548.586 0.0 1 1
1128.817 -528.077 0.0 1 1
-835.753 -541.644 0.0 1 1
1426.965 -536.732 0.0 1 1
-835.213 -535.4 0.0 1 1
633.42 -511.079 0.0 1 1
1002.088 -508.176 0.0 1 1
1104.233 -505.355 0.0 1 1
-784.474 -514.169 0.0 1 1
-362.22 -524.217 0.0 1 1
373.768 -521.332 0.0 1 1
-67.08 -464.09 0.0 1 1
1153.925 -494.167 0.0 1 1
693.444 -525.353 0.0 1 1
1079.604 -486.695 0.0 1 1
-274.689 -501.724 0.0 1 1
1054.398 -475.271 0.0 1 1
1458.237 -485.761 0.0 1 1
839.713 -469.28 0.0 1 1
895.916 -471.895 0.0 1 1
-732.241 -473.517 0.0 1 1
923.018 -483.399 0.0 1 1
1002.501 -482.462 0.0 1 1
1029.314 -436.135 0.0 1 1
694.68 -470.988 0.0 1 1
50.331 -470.569 0.0 1 1
-273.468 -473.155 0.0 1 1
-494.506 -461.958 0.0 1 1
90.148 -399.518 0.0 1 1
1251.25 -453.521 0.0 1 1
571.819 -474.357 0.0 1 1
1130.328 -434.343 0.0 1 1
1475.903 -459.684 0.0 1 1
923.206 -463.797 0.0 1 1
1629.819 -468.038 0.0 1 1
1003.7 -433.806 0.0 1 1
-493.942 -452.94 0.0 1 1
1055.069 -418.94 0.0 1 1
665.229 -445.974 0.0 1 1
923.575 -449.484 0.0 1 1
1426.299 -430.994 0.0 1 1
-403.604 -447.248 0.0 1 1
1321.705 -430.455 0.0 1 1
783.425 -442.512 0.0 1 1
923.729 -428.389 0.0 1 1
443.34 -441.826 0.0 1 1
724.851 -444.678 0.0 1 1
-539.59 -435.262 0.0 1 1
1080.223 -427.272 0.0 1 1
840.438 -429.233 0.0 1 1
1130.698 -411.628 0.0 1 1
635.36 -418.426 0.0 1 1
604.353 -431.493 0.0 1 1
1273.654 -416.794 0.0 1 1
1248.993 -431.27 0.0 1 1
1250.849 -425.835 0.0 1 1
950.724 -404.49 0.0 1 1
1253.453 -417.533 0.0 1 1
-402.218 -416.999 0.0 1 1
1080.714 -408.644 0.0 1 1
951.426 -375.273 0.0 1 1
977.543 -394.601 0.0 1 1
1055.358 -398.506 0.0 1 1
-446.46 -395.656 0.0 1 1
1299.415 -407.057 0.0 1 1
635.572 -411.288 0.0 1 1
812.932 -403.653 0.0 1 1
1203.877 -353.317 0.0 1 1
1458.677 -406.786 0.0 1 1
1055.935 -381.172 0.0 1 1
784.641 -392.011 0.0 1 1
696.354 -388.975 0.0 1 1
128.711 -360.153 0.0 1 1
1294.777 -398.035 0.0 1 1
1203.582 -367.167 0.0 1 1
411.699 -364.622 0.0 1 1
1297.018 -390.682 0.0 1 1
542.284 -372.812 0.0 1 1
1264.92 -374.499 0.0 1 1
53.475 -355.637 0.0 1 1
697.452 -326.16 0.0 1 1
445.703 -340.081 0.0 1 1
1253.834 -373.218 0.0 1 1
273.505 -383.033 0.0 1 1
1055.356 -364.235 0.0 1 1
-536.844 -369.543 0.0 1 1
-445.431 -375.59 0.0 1 1
-270.025 -371.653 0.0 1 1
309.586 -335.885 0.0 1 1
1319.31 -351.595 0.0 1 1
-1036.328 -342.131 0.0 1 1
-400.26 -361.051 0.0 1 1
951.914 -332.876 0.0 1 1
574.286 -347.844 0.0 1 1
-312.582 -361.137 0.0 1 1
1204.466 -327.741 0.0 1 1
813.878 -352.08 0.0 1 1
-777.568 -359.142 0.0 1 1
953.089 -235.585 0.0 1 1
1506.824 -357.269 0.0 1 1
1321.198 -344.506 0.0 1 1
166.712 -322.751 0.0 1 1
1453.364 -149.722 0.0 1 1
1506.643 -348.357 0.0 1 1
842.475 -308.755 0.0 1 1
203.0 -327.157 0.0 1 1
-311.515 -328.869 0.0 1 1
344.595 -319.165 0.0 1 1
637.205 -321.084 0.0 1 1
869.058 -350.314 0.0 1 1
952.308 -300.959 0.0 1 1
1156.279 -300.268 0.0 1 1
757.029 -284.613 0.0 1 1
1341.486 -310.473 0.0 1 1
978.824 -307.842 0.0 1 1
479.116 -313.577 0.0 1 1
1225.697 -315.689 0.0 1 1
-354.469 -315.265 0.0 1 1
756.843 -300.253 0.0 1 1
1343.434 -302.563 0.0 1 1
898.977 -278.013 0.0 1 1
1203.312 -305.717 0.0 1 1
511.63 -309.159 0.0 1 1
1137.593 -74.128 0.0 1 1
167.427 -304.88 0.0 1 1
1031.559 -258.145 0.0 1 1
-397.915 -295.772 0.0 1 1
130.848 -290.515 0.0 1 1
1253.241 -86.16 0.0 1 1
1224.8 -297.943 0.0 1 1
413.53 -283.529 0.0 1 1
-875.173 -290.135 0.0 1 1
668.488 -278.616 0.0 1 1
1181.457 -274.245 0.0 1 1
926.323 -268.369 0.0 1 1
927.132 -198.333 0.0 1 1
1225.82 -264.467 0.0 1 1
1344.023 -276.143 0.0 1 1
512.666 -265.423 0.0 1 1
1344.064 -267.139 0.0 1 1
240.756 -259.41 0.0 1 1
-100.128 -235.521 0.0 1 1
1233.554 -260.767 0.0 1 1
-486.184 -242.906 0.0 1 1
728.352 -241.28 0.0 1 1
1006.275 -205.011 0.0 1 1
1274.881 -239.783 0.0 1 1
1342.389 -232.067 0.0 1 1
512.774 -249.844 0.0 1 1
699.221 -228.167 0.0 1 1
-395.374 -224.116 0.0 1 1
346.492 -238.783 0.0 1 1
1276.508 -233.154 0.0 1 1
1474.65 -235.104 0.0 1 1
1083.205 -212.293 0.0 1 1
1476.134 -243.666 0.0 1 1
1363.655 -233.477 0.0 1 1
1108.086 -197.17 0.0 1 1
1344.09 -224.15 0.0 1 1
-351.042 -208.339 0.0 1 1
-625.169 -224.326 0.0 1 1
346.723 -227.959 0.0 1 1
980.279 -203.781 0.0 1 1
900.336 -167.771 0.0 1 1
1488.536 -221.851 0.0 1 1
576.5 -231.469 0.0 1 1
1362.887 -219.034 0.0 1 1
1297.564 -209.366 0.0 1 1
-138.732 -165.898 0.0 1 1
1342.643 -204.005 0.0 1 1
-1030.79 -224.324 0.0 1 1
759.328 -139.11 0.0 1 1
346.877 -220.652 0.0 1 1
699.395 -214.058 0.0 1 1
1360.654 -223.209 0.0 1 1
1332.579 -193.568 0.0 1 1
1226.274 -206.782 0.0 1 1
844.236 -202.876 0.0 1 1
1344.172 -196.635 0.0 1 1
815.837 -207.464 0.0 1 1
953.938 -180.774 0.0 1 1
-576.597 -188.053 0.0 1 1
1363.165 -186.386 0.0 1 1
1360.013 -198.855 0.0 1 1
669.92 -192.217 0.0 1 1
-350.201 -187.642 0.0 1 1
608.641 -183.805 0.0 1 1
1225.747 -195.977 0.0 1 1
1225.761 -179.85 0.0 1 1
1361.79 -175.715 0.0 1 1
58.39 -180.948 0.0 1 1
729.514 -185.951 0.0 1 1
1509.449 -180.642 0.0 1 1
-869.637 -164.736 0.0 1 1
700.06 -174.323 0.0 1 1
639.8 -174.528 0.0 1 1
1362.02 -159.484 0.0 1 1
953.974 -169.41 0.0 1 1
1300.229 437.363 0.0 1 1
1221.866 -174.067 0.0 1 1
609.09 -167.392 0.0 1 1
1225.766 -159.666 0.0 1 1
1058.376 -149.59 0.0 1 1
-263.379 -169.427 0.0 1 1
670.572 -144.578 0.0 1 1
954.43 -150.162 0.0 1 1
1225.949 -169.665 0.0 1 1
1007.375 -105.969 0.0 1 1
1325.558 -136.336 0.0 1 1
670.376 -154.87 0.0 1 1
416.093 -148.123 0.0 1 1
1520.019 -150.879 0.0 1 1
1298.716 -151.357 0.0 1 1
207.604 -134.119 0.0 1 1
954.337 -141.649 0.0 1 1
-220.632 -144.953 0.0 1 1
1299.361 -144.822 0.0 1 1
1006.979 -128.914 0.0 1 1
348.588 -132.082 0.0 1 1
1207.01 -35.945 0.0 1 1
928.008 -125.678 0.0 1 1
1485.659 -137.083 0.0 1 1
-178.231 -116.103 0.0 1 1
640.576 -121.828 0.0 1 1
1109.39 -34.17 0.0 1 1
-621.748 -124.766 0.0 1 1
1084.379 -89.115 0.0 1 1
21.436 -123.205 0.0 1 1
1040.677 -127.451 0.0 1 1
954.817 -102.778 0.0 1 1
306.499 -120.416 0.0 1 1
-16.854 -89.342 0.0 1 1
671.046 -110.227 0.0 1 1
1464.848 -95.932 0.0 1 1
1007.497 -77.042 0.0 1 1
981.455 -86.616 0.0 1 1
1207.327 47.854 0.0 1 1
135.549 -98.804 0.0 1 1
1206.914 -57.382 0.0 1 1
701.127 -81.282 0.0 1 1
-347.084 -84.897 0.0 1 1
-866.184 -83.364 0.0 1 1
383.784 -72.172 0.0 1 1
-479.612 -41.717 0.0 1 1
845.915 -47.237 0.0 1 1
1084.742 -57.663 0.0 1 1
-866.143 -75.92 0.0 1 1
-147.872 -53.065 0.0 1 1
-434.594 -57.341 0.0 1 1
1033.66 -65.46 0.0 1 1
641.265 -80.276 0.0 1 1
61.322 -49.858 0.0 1 1
1485.663 -55.185 0.0 1 1
1616.883 -65.84 0.0 1 1
902.281 18.372 0.0 1 1
1134.347 -26.674 0.0 1 1
1084.85 -37.894 0.0 1 1
981.778 -38.831 0.0 1 1
1182.655 -45.239 0.0 1 1
417.893 -56.268 0.0 1 1
1467.346 -50.222 0.0 1 1
245.326 -50.267 0.0 1 1
-302.336 -41.37 0.0 1 1
1206.864 -8.737 0.0 1 1
418.219 -33.19 0.0 1 1
451.486 -34.733 0.0 1 1
-763.48 -30.961 0.0 1 1
1034.081 -30.232 0.0 1 1
384.69 -21.305 0.0 1 1
1453.669 -0.069 0.0 1 1
901.95 -27.608 0.0 1 1
384.999 -4.248 0.0 1 1
1346.218 -1.542 0.0 1 1
1207.239 11.548 0.0 1 1
-345.118 -17.054 0.0 1 1
642.227 -8.305 0.0 1 1
1134.717 11.85 0.0 1 1
611.416 -14.48 0.0 1 1
1008.259 16.889 0.0 1 1
1431.984 12.598 0.0 1 1
1059.566 4.51 0.0 1 1
1085.231 44.382 0.0 1 1
702.089 -3.574 0.0 1 1
451.993 -14.596 0.0 1 1
418.86 3.54 0.0 1 1
484.974 13.547 0.0 1 1
1433.623 22.482 0.0 1 1
1324.214 25.56 0.0 1 1
955.772 9.405 0.0 1 1
385.645 27.479 0.0 1 1
580.686 35.254 0.0 1 1
1231.751 79.773 0.0 1 1
1134.994 54.917 0.0 1 1
317.277 30.546 0.0 1 1
452.45 32.146 0.0 1 1
1207.673 72.752 0.0 1 1
1455.212 55.623 0.0 1 1
790.506 42.481 0.0 1 1
1110.059 79.657 0.0 1 1
1276.312 36.167 0.0 1 1
846.668 45.113 0.0 1 1
1060.087 35.682 0.0 1 1
1278.051 42.693 0.0 1 1
732.166 37.825 0.0 1 1
1400.6 53.853 0.0 1 1
101.275 51.722 0.0 1 1
282.716 42.54 0.0 1 1
-663.247 48.646 0.0 1 1
1251.181 64.157 0.0 1 1
1229.988 73.238 0.0 1 1
702.97 43.97 0.0 1 1
1034.991 89.145 0.0 1 1
929.922 88.141 0.0 1 1
247.307 61.967 0.0 1 1
-386.355 69.15 0.0 1 1
486.016 67.823 0.0 1 1
-342.606 65.471 0.0 1 1
419.953 76.339 0.0 1 1
956.239 92.016 0.0 1 1
549.637 70.772 0.0 1 1
875.564 77.872 0.0 1 1
1406.031 108.006 0.0 1 1
1135.519 112.148 0.0 1 1
1183.719 106.872 0.0 1 1
-430.423 85.355 0.0 1 1
453.537 98.854 0.0 1 1
-213.873 110.218 0.0 1 1
1360.665 102.728 0.0 1 1
732.89 96.88 0.0 1 1
1060.211 110.809 0.0 1 1
1344.9 110.275 0.0 1 1
875.665 134.577 0.0 1 1
1110.397 152.419 0.0 1 1
847.323 132.113 0.0 1 1
1488.601 110.712 0.0 1 1
956.651 109.439 0.0 1 1
791.272 121.026 0.0 1 1
1230.121 132.517 0.0 1 1
-341.156 121.189 0.0 1 1
1360.11 118.038 0.0 1 1
1345.075 119.379 0.0 1 1
-90.841 136.504 0.0 1 1
1008.95 121.49 0.0 1 1
1387.985 127.614 0.0 1 1
26.931 128.31 0.0 1 1
581.754 129.198 0.0 1 1
-519.995 127.596 0.0 1 1
550.247 124.8 0.0 1 1
1035.217 150.456 0.0 1 1
643.958 135.811 0.0 1 1
1386.308 138.165 0.0 1 1
819.914 137.084 0.0 1 1
1359.628 132.617 0.0 1 1
248.689 141.134 0.0 1 1
1231.809 139.675 0.0 1 1
819.826 154.785 0.0 1 1
1321.871 142.257 0.0 1 1
1385.688 146.981 0.0 1 1
903.463 168.345 0.0 1 1
-660.464 144.513 0.0 1 1
1324.161 150.487 0.0 1 1
930.364 150.109 0.0 1 1
875.908 172.987 0.0 1 1
930.253 165.296 0.0 1 1
1060.5 160.555 0.0 1 1
1230.398 152.633 0.0 1 1
1387.72 156.254 0.0 1 1
-660.218 149.003 0.0 1 1
519.095 168.313 0.0 1 1
1182.802 165.31 0.0 1 1
-383.46 178.143 0.0 1 1
1184.739 171.038 0.0 1 1
-518.921 161.173 0.0 1 1
1358.681 168.298 0.0 1 1
-908.531 167.73 0.0 1 1
1251.167 161.152 0.0 1 1
1276.779 180.304 0.0 1 1
1110.597 213.188 0.0 1 1
957.015 233.89 0.0 1 1
1208.621 214.532 0.0 1 1
983.443 182.769 0.0 1 1
847.802 202.844 0.0 1 1
930.504 188.58 0.0 1 1
1321.965 197.345 0.0 1 1
819.918 177.528 0.0 1 1
1386.819 173.552 0.0 1 1
1386.476 165.029 0.0 1 1
1207.675 177.803 0.0 1 1
-254.359 174.339 0.0 1 1
1009.118 182.303 0.0 1 1
27.898 186.831 0.0 1 1
1278.4 187.725 0.0 1 1
-756.453 191.101 0.0 1 1
519.437 184.553 0.0 1 1
1386.71 184.76 0.0 1 1
1388.219 202.659 0.0 1 1
1206.508 208.003 0.0 1 1
177.557 187.376 0.0 1 1
1389.734 212.299 0.0 1 1
613.692 188.93 0.0 1 1
1323.875 205.621 0.0 1 1
213.824 190.656 0.0 1 1
1183.87 211.305 0.0 1 1
903.782 194.712 0.0 1 1
820.17 195.985 0.0 1 1
-855.866 200.289 0.0 1 1
519.366 195.734 0.0 1 1
-856.012 192.896 0.0 1 1
1276.995 214.938 0.0 1 1
-805.199 212.92 0.0 1 1
141.178 203.932 0.0 1 1
-339.186 202.765 0.0 1 1
674.774 220.245 0.0 1 1
-610.521 218.573 0.0 1 1
-805.582 219.439 0.0 1 1
930.626 214.317 0.0 1 1
1250.352 209.703 0.0 1 1
1159.814 309.973 0.0 1 1
613.95 227.737 0.0 1 1
792.179 223.728 0.0 1 1
-610.37 231.113 0.0 1 1
-804.861 228.407 0.0 1 1
957.177 298.951 0.0 1 1
930.638 241.902 0.0 1 1
1060.683 234.928 0.0 1 1
-804.594 234.736 0.0 1 1
1365.501 256.121 0.0 1 1
734.052 236.716 0.0 1 1
1386.414 251.955 0.0 1 1
674.963 259.043 0.0 1 1
1086.498 286.869 0.0 1 1
763.222 261.879 0.0 1 1
957.109 243.41 0.0 1 1
848.159 258.963 0.0 1 1
1035.711 278.4 0.0 1 1
1253.419 265.623 0.0 1 1
-854.415 254.956 0.0 1 1
1367.569 265.164 0.0 1 1
930.819 270.444 0.0 1 1
1386.625 263.057 0.0 1 1
-704.859 263.539 0.0 1 1
-853.626 262.638 0.0 1 1
178.612 265.555 0.0 1 1
1255.486 273.044 0.0 1 1
1277.198 283.665 0.0 1 1
762.2 1105.192 0.0 1 1
1444.448 1256.543 0.0 1 1
1442.644 1245.071 0.0 1 1
1244.955 1262.502 0.0 1 1
1176.746 1262.463 0.0 1 1
1175.067 1255.125 0.0 1 1
1029.449 1256.227 0.0 1 1
1401.636 1250.81 0.0 1 1
1337.793 1206.495 0.0 1 1
1200.408 1191.675 0.0 1 1
1382.903 583.714 0.0 1 1
1356.074 555.343 0.0 1 1
1208.016 510.168 0.0 1 1
931.093 522.988 0.0 1 1
1355.021 591.509 0.0 1 1
1135.26 556.437 0.0 1 1
-795.148 572.575 0.0 1 1
764.315 528.713 0.0 1 1
1324.561 571.713 0.0 1 1
-795.639 521.814 0.0 1 1
877.167 561.234 0.0 1 1
1206.706 539.138 0.0 1 1
-602.913 519.903 0.0 1 1
983.965 542.625 0.0 1 1
904.508 533.053 0.0 1 1
1136.003 534.796 0.0 1 1
984.067 522.762 0.0 1 1
323.347 557.574 0.0 1 1
145.02 487.643 0.0 1 1
1035.745 551.337 0.0 1 1
-949.092 521.678 0.0 1 1
764.22 547.279 0.0 1 1
1272.348 1082.107 0.0 1 1
1324.768 532.304 0.0 1 1
957.448 526.144 0.0 1 1
848.997 520.156 0.0 1 1
-205.661 535.324 0.0 1 1
1387.056 451.77 0.0 1 1
848.857 504.605 0.0 1 1
1009.758 510.383 0.0 1 1
-6.21 464.682 0.0 1 1
181.921 519.745 0.0 1 1
735.071 521.448 0.0 1 1
1451.864 478.724 0.0 1 1
111.019 1023.03 0.0 1 1
877.139 511.513 0.0 1 1
1086.109 524.941 0.0 1 1
1110.653 490.959 0.0 1 1
1060.708 505.005 0.0 1 1
1356.786 493.153 0.0 1 1
1035.75 481.199 0.0 1 1
1382.108 478.656 0.0 1 1
1366.112 672.248 0.0 1 1
-44.496 507.764 0.0 1 1
-557.36 481.268 0.0 1 1
1454.023 489.525 0.0 1 1
489.973 506.868 0.0 1 1
-84.772 455.294 0.0 1 1
324.03 1144.747 0.0 1 1
488.135 273.24 0.0 1 1
551.811 1214.729 0.0 1 1
323.213 1245.69 0.0 1 1
1361.594 1080.75 0.0 1 1
1031.618 1099.692 0.0 1 1
904.471 478.924 0.0 1 1
734.528 331.429 0.0 1 1
1431.842 445.371 0.0 1 1
1433.455 456.264 0.0 1 1
931.223 466.359 0.0 1 1
1134.767 313.403 0.0 1 1
821.214 467.036 0.0 1 1
676.024 462.647 0.0 1 1
1220.386 477.798 0.0 1 1
1055.473 1187.649 0.0 1 1
-558.36 435.476 0.0 1 1
957.508 464.699 0.0 1 1
1178.798 1000.838 0.0 1 1
1030.039 1208.056 0.0 1 1
584.358 451.656 0.0 1 1
792.977 454.432 0.0 1 1
1326.041 445.658 0.0 1 1
704.924 966.084 0.0 1 1
1035.144 722.934 0.0 1 1
1300.576 493.328 0.0 1 1
904.65 420.033 0.0 1 1
983.905 402.287 0.0 1 1
-901.021 375.955 0.0 1 1
552.494 405.426 0.0 1 1
1385.241 400.141 0.0 1 1
-844.259 605.622 0.0 1 1
107.63 433.732 0.0 1 1
646.227 437.382 0.0 1 1
423.887 432.919 0.0 1 1
904.09 318.906 0.0 1 1
1159.842 397.889 0.0 1 1
-800.066 401.109 0.0 1 1
1136.029 417.819 0.0 1 1
1354.181 431.403 0.0 1 1
-654.289 370.64 0.0 1 1
-901.53 384.857 0.0 1 1
792.967 395.39 0.0 1 1
1135.69 381.237 0.0 1 1
-512.778 406.255 0.0 1 1
1298.922 485.031 0.0 1 1
-241.528 1156.545 0.0 1 1
1357.115 368.883 0.0 1 1
820.922 370.232 0.0 1 1
1355.004 391.986 0.0 1 1
676.028 412.616 0.0 1 1
953.267 1156.155 0.0 1 1
1353.709 374.156 0.0 1 1
1327.14 379.702 0.0 1 1
1061.49 317.746 0.0 1 1
951.891 1261.001 0.0 1 1
816.91 1231.091 0.0 1 1
877.038 615.79 0.0 1 1
983.849 343.625 0.0 1 1
847.356 999.57 0.0 1 1
1385.409 372.848 0.0 1 1
1009.743 378.791 0.0 1 1
792.63 359.464 0.0 1 1
1356.89 384.104 0.0 1 1
583.636 333.215 0.0 1 1
675.758 368.813 0.0 1 1
456.417 348.112 0.0 1 1
1230.02 334.999 0.0 1 1
1245.571 1231.779 0.0 1 1
1357.309 328.358 0.0 1 1
1387.272 341.898 0.0 1 1
-751.994 329.317 0.0 1 1
1389.968 351.457 0.0 1 1
-86.746 334.324 0.0 1 1
1231.926 341.665 0.0 1 1
1208.803 331.302 0.0 1 1
-86.305 358.972 0.0 1 1
1183.856 353.502 0.0 1 1
1354.161 350.348 0.0 1 1
763.723 328.328 0.0 1 1
289.989 842.173 0.0 1 1
904.301 352.662 0.0 1 1
1356.82 316.004 0.0 1 1
1255.448 331.833 0.0 1 1
-379.967 334.844 0.0 1 1
-752.094 335.118 0.0 1 1
957.255 321.272 0.0 1 1
848.51 322.96 0.0 1 1
1004.142 1245.153 0.0 1 1
-501.35 1208.727 0.0 1 1
930.853 321.457 0.0 1 1
1342.083 1117.636 0.0 1 1
1340.424 1235.282 0.0 1 1
978.125 1247.965 0.0 1 1
1253.57 324.742 0.0 1 1
-336.591 323.458 0.0 1 1
1301.189 315.912 0.0 1 1
-843.937 613.373 0.0 1 1
111.164 1099.276 0.0 1 1
1299.303 307.593 0.0 1 1
1224.982 1045.477 0.0 1 1
-704.784 268.566 0.0 1 1
-168.069 302.866 0.0 1 1
147.602 1075.985 0.0 1 1
1385.8 304.481 0.0 1 1
1009.578 297.113 0.0 1 1
178.846 280.165 0.0 1 1
1385.795 294.012 0.0 1 1
1034.628 796.765 0.0 1 1
1269.856 1220.939 0.0 1 1
455.785 279.621 0.0 1 1
904.382 580.698 0.0 1 1
1358.402 569.576 0.0 1 1
1385.964 282.013 0.0 1 1
520.758 1171.275 0.0 1 1
-600.572 616.498 0.0 1 1
583.242 272.664 0.0 1 1
675.125 283.932 0.0 1 1
1247.656 1240.554 0.0 1 1
848.782 600.732 0.0 1 1
388.758 269.484 0.0 1 1
36.469 1194.927 0.0 1 1
926.25 1186.675 0.0 1 1
-199.951 1198.361 0.0 1 1
1320.426 622.339 0.0 1 1
672.875 1233.14 0.0 1 1
390.931 1211.721 0.0 1 1
-511.383 479.316 0.0 1 1
817.514 1190.622 0.0 1 1
1359.728 1161.443 0.0 1 1
1357.845 1151.095 0.0 1 1
1322.457 631.5 0.0 1 1
849.131 527.769 0.0 1 1
1310.985 1214.322 0.0 1 1
957.312 578.467 0.0 1 1
1342.074 985.37 0.0 1 1
1201.823 1199.736 0.0 1 1
1384.502 521.872 0.0 1 1
763.123 965.743 0.0 1 1
873.338 1163.45 0.0 1 1
614.087 1167.472 0.0 1 1
644.526 1152.851 0.0 1 1
357.607 597.707 0.0 1 1
-288.762 598.729 0.0 1 1
-159.705 1155.063 0.0 1 1
904.465 599.089 0.0 1 1
957.627 636.374 0.0 1 1
706.07 634.65 0.0 1 1
1343.015 1167.366 0.0 1 1
1157.854 647.333 0.0 1 1
1159.96 653.073 0.0 1 1
1206.923 638.227 0.0 1 1
219.321 1170.786 0.0 1 1
848.959 632.578 0.0 1 1
1316.377 1115.95 0.0 1 1
424.545 1163.591 0.0 1 1
391.614 1122.196 0.0 1 1
1228.264 759.865 0.0 1 1
-601.0 612.909 0.0 1 1
522.362 636.218 0.0 1 1
1353.022 632.964 0.0 1 1
1321.574 683.198 0.0 1 1
674.283 1141.84 0.0 1 1
1470.843 994.607 0.0 1 1
1341.696 1076.774 0.0 1 1
1081.208 1120.87 0.0 1 1
1177.481 1137.239 0.0 1 1
-119.425 1089.97 0.0 1 1
979.926 1123.281 0.0 1 1
1359.866 1070.551 0.0 1 1
1403.408 1032.986 0.0 1 1
1314.599 1106.259 0.0 1 1
818.339 1104.515 0.0 1 1
1032.118 1057.786 0.0 1 1
1271.965 1106.928 0.0 1 1
1269.906 1098.134 0.0 1 1
1005.921 1100.168 0.0 1 1
289.651 1112.345 0.0 1 1
1339.321 1000.227 0.0 1 1
1157.69 947.978 0.0 1 1
1447.021 1067.764 0.0 1 1
874.436 1074.139 0.0 1 1
1202.755 995.192 0.0 1 1
1204.483 1002.7 0.0 1 1
-414.714 881.544 0.0 1 1
1226.742 1053.424 0.0 1 1
1373.402 1025.745 0.0 1 1
552.821 1074.387 0.0 1 1
1468.607 982.597 0.0 1 1
425.26 1050.846 0.0 1 1
183.898 1083.852 0.0 1 1
1156.876 1001.043 0.0 1 1
1060.331 643.842 0.0 1 1
1156.166 994.893 0.0 1 1
-369.714 1056.851 0.0 1 1
981.06 1014.35 0.0 1 1
955.007 1008.255 0.0 1 1
1316.846 998.14 0.0 1 1
846.637 1056.836 0.0 1 1
-285.841 790.027 0.0 1 1
1341.114 1010.311 0.0 1 1
1406.019 1044.727 0.0 1 1
-503.056 990.459 0.0 1 1
358.456 936.056 0.0 1 1
847.996 887.435 0.0 1 1
819.385 1014.304 0.0 1 1
1313.992 1023.642 0.0 1 1
392.225 909.884 0.0 1 1
183.287 720.917 0.0 1 1
324.356 727.639 0.0 1 1
321.769 375.611 0.0 1 1
1133.281 928.91 0.0 1 1
1086.123 701.633 0.0 1 1
875.153 1018.548 0.0 1 1
-594.588 1029.012 0.0 1 1
1322.64 759.737 0.0 1 1
1314.603 1018.326 0.0 1 1
289.124 596.732 0.0 1 1
1318.804 900.408 0.0 1 1
-327.612 901.14 0.0 1 1
1155.817 941.821 0.0 1 1
1427.154 936.579 0.0 1 1
1321.757 752.4 0.0 1 1
219.109 702.384 0.0 1 1
1428.581 947.254 0.0 1 1
848.431 855.009 0.0 1 1
764.335 653.91 0.0 1 1
1204.59 1049.129 0.0 1 1
1136.52 318.77 0.0 1 1
1270.484 1073.553 0.0 1 1
675.757 939.366 0.0 1 1
734.133 982.478 0.0 1 1
147.624 827.606 0.0 1 1
73.606 968.212 0.0 1 1
553.453 951.5 0.0 1 1
1364.512 662.791 0.0 1 1
-327.259 936.267 0.0 1 1
-80.897 852.324 0.0 1 1
425.452 783.643 0.0 1 1
763.553 876.743 0.0 1 1
1471.174 736.854 0.0 1 1
875.877 905.12 0.0 1 1
930.488 787.653 0.0 1 1
1060.674 749.278 0.0 1 1
930.573 755.345 0.0 1 1
-286.637 758.833 0.0 1 1
1084.794 696.816 0.0 1 1
1412.928 909.542 0.0 1 1
982.093 894.011 0.0 1 1
1034.653 867.895 0.0 1 1
646.03 874.485 0.0 1 1
-743.519 696.391 0.0 1 1
1032.851 965.166 0.0 1 1
-506.071 753.692 0.0 1 1
848.114 877.146 0.0 1 1
1180.51 1007.779 0.0 1 1
792.868 782.003 0.0 1 1
35.925 878.982 0.0 1 1
1298.585 771.62 0.0 1 1
1376.411 1094.814 0.0 1 1
1229.92 767.63 0.0 1 1
705.19 913.422 0.0 1 1
254.769 802.809 0.0 1 1
1204.263 847.8 0.0 1 1
324.202 760.793 0.0 1 1
1008.571 818.779 0.0 1 1
-284.787 899.702 0.0 1 1
-506.032 763.363 0.0 1 1
1320.791 731.288 0.0 1 1
1206.291 855.055 0.0 1 1
876.293 841.737 0.0 1 1
1315.957 1051.173 0.0 1 1
-459.818 834.518 0.0 1 1
1297.343 762.015 0.0 1 1
-416.145 788.302 0.0 1 1
1445.944 1056.972 0.0 1 1
1298.886 783.578 0.0 1 1
956.168 832.968 0.0 1 1
903.79 766.809 0.0 1 1
1343.816 1033.596 0.0 1 1
-550.489 843.927 0.0 1 1
1251.039 816.389 0.0 1 1
392.081 792.048 0.0 1 1
1008.757 794.054 0.0 1 1
1382.653 799.235 0.0 1 1
735.027 795.128 0.0 1 1
1253.158 824.717 0.0 1 1
930.669 706.188 0.0 1 1
585.239 755.007 0.0 1 1
1110.348 706.453 0.0 1 1
1009.047 741.213 0.0 1 1
1344.145 708.831 0.0 1 1
983.179 788.155 0.0 1 1
1387.68 706.005 0.0 1 1
1321.361 743.098 0.0 1 1
1353.563 611.215 0.0 1 1
-551.769 771.841 0.0 1 1
36.216 1004.21 0.0 1 1
1472.346 747.835 0.0 1 1
183.159 760.448 0.0 1 1
1109.403 876.085 0.0 1 1
956.906 728.837 0.0 1 1
1398.868 731.877 0.0 1 1
676.358 693.773 0.0 1 1
1398.827 720.967 0.0 1 1
553.875 713.109 0.0 1 1
457.927 664.694 0.0 1 1
876.787 703.771 0.0 1 1
1386.519 696.208 0.0 1 1
1342.659 699.54 0.0 1 1
929.855 870.153 0.0 1 1
